1.000000000000000021e-02
1.000000000000000021e-02
1.000000000000000021e-02
1.000000000000000021e-02
1.000000000000000021e-02
1.000000000000000021e-02
1.000000000000000021e-02
1.000000000000000021e-02
1.000000000000000021e-02
1.000000000000000021e-02
1.000000000000000021e-02
1.000000000000000021e-02
1.000000000000000021e-02
1.000000000000000021e-02
1.000000000000000021e-02
1.000000000000000021e-02
1.000000000000000021e-02
1.000000000000000021e-02
1.000000000000000021e-02
1.000000000000000021e-02
4.701484595989312787e+00
4.734630426459726316e+00
5.626578671019752953e+00
5.016787318219114056e+00
4.299289845183942305e+00
4.837609815870436591e+00
5.176145942968193303e+00
4.305496873292358195e+00
4.943794016664030622e+00
4.595104345960607795e+00
4.744619766746056122e+00
5.231702284002540004e+00
5.145115497066685251e+00
4.904467136613981815e+00
5.200820848274948283e+00
5.280612189908108434e+00
4.536103528595478274e+00
5.897193786263561499e+00
4.720946562465350382e+00
5.296471173214223782e+00
4.391093616540410416e+00
4.286014456860682387e+00
4.368498199497219403e+00
4.763694531611706751e+00
3.048873557768890130e+00
4.897576578179557494e+00
4.300135932265129135e+00
3.380558256017222707e+00
4.994714878601659080e+00
3.168249901482373954e+00
4.609338140385640159e+00
4.429829938345082319e+00
3.539031095396071080e+00
3.340787942237088970e+00
4.889496104990848302e+00
4.824998255135946934e+00
4.817637233992154933e+00
4.812305733526105911e+00
3.871434489042861138e+00
3.786096453428779540e+00
-3.013102930247857358e-01
8.695453127868912890e-01
-4.539359624799652604e-01
-3.734289499043292881e-01
-7.815098376828852889e-01
-6.695857308471635516e-01
8.417309825262961898e-01
-7.087816065588030678e-01
-6.311435008311487849e-01
-7.455031219546437438e-01
3.137172657285511868e-01
-7.605620893346984879e-01
-8.992807434109804099e-01
9.207962112186256487e-01
5.363150385338855131e-02
3.140574622179010955e-01
9.420244858508373120e-01
3.182384179718307227e-01
4.552667629493905022e-01
6.807466028792266144e-01
-5.304730586059140940e-01
4.496689922818943863e-01
3.452702668402323205e-01
-7.864400089183067877e-01
-6.673781447407900469e-01
5.926314191634334261e-01
-5.330427105626256434e-03
-8.830777867512840107e-01
-4.041087438427550804e-01
6.977126369950950036e-01
8.675237818894920849e-01
-3.511241006026932787e-02
7.871252332683340569e-01
-5.640069288929654423e-01
1.649347445858477812e-01
-8.254454088895224473e-02
-2.127101808653313331e-01
1.872367784972204241e-01
-1.624225847538887102e-01
-4.006225156701850310e-01
-2.321919853030873782e-03
-2.897477542629693925e-01
-8.813036962951052988e-01
-8.517385868824494111e-01
3.313413595080929586e-01
3.859674042960046236e-01
-9.128381662380644634e-01
-2.212694053415418249e-01
5.789584246840284720e-02
-5.309122505763266275e-01
-1.125184800356027193e-01
8.344287840817250501e-01
-6.865781096274052864e-01
5.202532644841015852e-01
4.420533542707576480e-01
-3.092725437128158728e-01
2.987448793025673233e-01
1.627964033434068369e-01
-2.528346348048851056e-01
-1.359268476048531848e-01
-1.422946720999618275e-01
4.653493829479029564e-01
3.355912470643538370e-01
2.520447136131618304e-01
1.598332563011488627e-01
-9.725055501984345430e-01
-5.137530046900296021e-01
-5.275474511410140899e-01
4.398696183353412170e-01
7.565906858906656929e-01
9.053838214796112727e-01
8.679827912482940278e-01
-3.312125023772445331e-01
2.262661450925071982e-01
-3.826959554176025957e-01
2.977226276784359360e-01
7.229213908366127761e-01
-1.832374663997915487e-01
-4.656800815184523046e-01
1.245255901393598208e-01
2.366070671910391710e+01
1.655158726294790217e+00
1.131733456222813849e+01
1.627526071976501010e+00
1.441939041194195781e+01
1.588959951794220515e+01
2.879385728170545278e+00
9.602504832313044858e+00
9.846678847639767085e+00
1.764428080584145064e+01
7.334647165206323649e+00
1.997232264925855105e+01
3.241362365261459377e+00
3.249773070900204175e+00
2.322618739460953918e+01
2.338467690171968627e+01
9.198822228598215744e+00
3.731974659348616719e+00
1.026075791000272730e+01
2.235126574821779855e+01
0.000000000000000000e+00
0.000000000000000000e+00
0.000000000000000000e+00
0.000000000000000000e+00
0.000000000000000000e+00
0.000000000000000000e+00
0.000000000000000000e+00
0.000000000000000000e+00
0.000000000000000000e+00
0.000000000000000000e+00
0.000000000000000000e+00
0.000000000000000000e+00
0.000000000000000000e+00
0.000000000000000000e+00
0.000000000000000000e+00
0.000000000000000000e+00
0.000000000000000000e+00
0.000000000000000000e+00
0.000000000000000000e+00
0.000000000000000000e+00
0.000000000000000000e+00
0.000000000000000000e+00
0.000000000000000000e+00
0.000000000000000000e+00
0.000000000000000000e+00
0.000000000000000000e+00
0.000000000000000000e+00
0.000000000000000000e+00
0.000000000000000000e+00
0.000000000000000000e+00
0.000000000000000000e+00
0.000000000000000000e+00
0.000000000000000000e+00
0.000000000000000000e+00
0.000000000000000000e+00
0.000000000000000000e+00
0.000000000000000000e+00
0.000000000000000000e+00
0.000000000000000000e+00
0.000000000000000000e+00
0.000000000000000000e+00
0.000000000000000000e+00
0.000000000000000000e+00
0.000000000000000000e+00
0.000000000000000000e+00
0.000000000000000000e+00
0.000000000000000000e+00
0.000000000000000000e+00
0.000000000000000000e+00
0.000000000000000000e+00
0.000000000000000000e+00
0.000000000000000000e+00
0.000000000000000000e+00
0.000000000000000000e+00
0.000000000000000000e+00
0.000000000000000000e+00
0.000000000000000000e+00
0.000000000000000000e+00
0.000000000000000000e+00
0.000000000000000000e+00
0.000000000000000000e+00
0.000000000000000000e+00
0.000000000000000000e+00
0.000000000000000000e+00
0.000000000000000000e+00
0.000000000000000000e+00
0.000000000000000000e+00
0.000000000000000000e+00
0.000000000000000000e+00
0.000000000000000000e+00
0.000000000000000000e+00
0.000000000000000000e+00
0.000000000000000000e+00
0.000000000000000000e+00
0.000000000000000000e+00
0.000000000000000000e+00
0.000000000000000000e+00
0.000000000000000000e+00
0.000000000000000000e+00
0.000000000000000000e+00
0.000000000000000000e+00
0.000000000000000000e+00
0.000000000000000000e+00
0.000000000000000000e+00
0.000000000000000000e+00
0.000000000000000000e+00
0.000000000000000000e+00
0.000000000000000000e+00
0.000000000000000000e+00
0.000000000000000000e+00
0.000000000000000000e+00
0.000000000000000000e+00
0.000000000000000000e+00
0.000000000000000000e+00
0.000000000000000000e+00
0.000000000000000000e+00
0.000000000000000000e+00
0.000000000000000000e+00
0.000000000000000000e+00
0.000000000000000000e+00
0.000000000000000000e+00
0.000000000000000000e+00
0.000000000000000000e+00
0.000000000000000000e+00
0.000000000000000000e+00
0.000000000000000000e+00
0.000000000000000000e+00
0.000000000000000000e+00
0.000000000000000000e+00
0.000000000000000000e+00
0.000000000000000000e+00
0.000000000000000000e+00
0.000000000000000000e+00
0.000000000000000000e+00
0.000000000000000000e+00
0.000000000000000000e+00
0.000000000000000000e+00
0.000000000000000000e+00
0.000000000000000000e+00
0.000000000000000000e+00
4.893676046527984269e+00
3.762797697725951629e+00
1.031055227945254593e+01
2.083481402753846012e+01
4.421489312017198969e+00
1.051914173366537142e+00
6.941811625730616164e+00
2.031442853686488093e+01
2.423767360091073630e+00
1.436803077541314266e+01
1.869633429219375742e+01
1.139911777332347143e+01
5.248773376817225333e+00
5.625475250808088745e+00
1.606164135509135349e+01
1.240433192104048343e+00
3.201617646064792932e+00
1.619660980528124838e+01
3.238579725259908226e+00
9.120286585864684881e+00
0.000000000000000000e+00
0.000000000000000000e+00
0.000000000000000000e+00
0.000000000000000000e+00
0.000000000000000000e+00
0.000000000000000000e+00
0.000000000000000000e+00
0.000000000000000000e+00
0.000000000000000000e+00
0.000000000000000000e+00
0.000000000000000000e+00
0.000000000000000000e+00
0.000000000000000000e+00
0.000000000000000000e+00
0.000000000000000000e+00
0.000000000000000000e+00
0.000000000000000000e+00
0.000000000000000000e+00
0.000000000000000000e+00
0.000000000000000000e+00
0.000000000000000000e+00
0.000000000000000000e+00
0.000000000000000000e+00
0.000000000000000000e+00
0.000000000000000000e+00
0.000000000000000000e+00
0.000000000000000000e+00
0.000000000000000000e+00
0.000000000000000000e+00
0.000000000000000000e+00
0.000000000000000000e+00
0.000000000000000000e+00
0.000000000000000000e+00
0.000000000000000000e+00
0.000000000000000000e+00
0.000000000000000000e+00
0.000000000000000000e+00
0.000000000000000000e+00
0.000000000000000000e+00
0.000000000000000000e+00
0.000000000000000000e+00
0.000000000000000000e+00
0.000000000000000000e+00
0.000000000000000000e+00
0.000000000000000000e+00
0.000000000000000000e+00
0.000000000000000000e+00
0.000000000000000000e+00
0.000000000000000000e+00
0.000000000000000000e+00
0.000000000000000000e+00
0.000000000000000000e+00
0.000000000000000000e+00
0.000000000000000000e+00
0.000000000000000000e+00
0.000000000000000000e+00
0.000000000000000000e+00
0.000000000000000000e+00
0.000000000000000000e+00
0.000000000000000000e+00
0.000000000000000000e+00
0.000000000000000000e+00
0.000000000000000000e+00
0.000000000000000000e+00
0.000000000000000000e+00
0.000000000000000000e+00
0.000000000000000000e+00
0.000000000000000000e+00
0.000000000000000000e+00
0.000000000000000000e+00
0.000000000000000000e+00
0.000000000000000000e+00
0.000000000000000000e+00
0.000000000000000000e+00
0.000000000000000000e+00
0.000000000000000000e+00
0.000000000000000000e+00
0.000000000000000000e+00
0.000000000000000000e+00
0.000000000000000000e+00
0.000000000000000000e+00
0.000000000000000000e+00
0.000000000000000000e+00
0.000000000000000000e+00
0.000000000000000000e+00
0.000000000000000000e+00
0.000000000000000000e+00
0.000000000000000000e+00
0.000000000000000000e+00
0.000000000000000000e+00
0.000000000000000000e+00
0.000000000000000000e+00
0.000000000000000000e+00
0.000000000000000000e+00
0.000000000000000000e+00
0.000000000000000000e+00
0.000000000000000000e+00
0.000000000000000000e+00
0.000000000000000000e+00
0.000000000000000000e+00
0.000000000000000000e+00
0.000000000000000000e+00
0.000000000000000000e+00
0.000000000000000000e+00
0.000000000000000000e+00
0.000000000000000000e+00
0.000000000000000000e+00
0.000000000000000000e+00
0.000000000000000000e+00
0.000000000000000000e+00
0.000000000000000000e+00
0.000000000000000000e+00
0.000000000000000000e+00
0.000000000000000000e+00
0.000000000000000000e+00
0.000000000000000000e+00
0.000000000000000000e+00
0.000000000000000000e+00
0.000000000000000000e+00
0.000000000000000000e+00
2.009543091022257855e+01
3.742886836255908900e+00
1.964268699505403859e+01
3.686776795330294565e+00
5.082650035396879318e+00
2.126783777664788033e+01
9.931932940520933784e+00
2.302800631178650903e+01
1.615934233944200926e+01
1.850685101186642978e+00
2.271796335436778946e+01
2.397834910533874098e+00
2.257792633377251335e+00
7.703509582724086258e+00
2.836604397373093889e+00
1.644882111733849328e+01
1.849149527396775072e+00
1.132773127961003290e+01
1.336388315071553645e+00
1.583539815389499594e+01
0.000000000000000000e+00
0.000000000000000000e+00
0.000000000000000000e+00
0.000000000000000000e+00
0.000000000000000000e+00
0.000000000000000000e+00
0.000000000000000000e+00
0.000000000000000000e+00
0.000000000000000000e+00
0.000000000000000000e+00
0.000000000000000000e+00
0.000000000000000000e+00
0.000000000000000000e+00
0.000000000000000000e+00
0.000000000000000000e+00
0.000000000000000000e+00
0.000000000000000000e+00
0.000000000000000000e+00
0.000000000000000000e+00
0.000000000000000000e+00
0.000000000000000000e+00
0.000000000000000000e+00
0.000000000000000000e+00
0.000000000000000000e+00
0.000000000000000000e+00
0.000000000000000000e+00
0.000000000000000000e+00
0.000000000000000000e+00
0.000000000000000000e+00
0.000000000000000000e+00
0.000000000000000000e+00
0.000000000000000000e+00
0.000000000000000000e+00
0.000000000000000000e+00
0.000000000000000000e+00
0.000000000000000000e+00
0.000000000000000000e+00
0.000000000000000000e+00
0.000000000000000000e+00
0.000000000000000000e+00
0.000000000000000000e+00
0.000000000000000000e+00
0.000000000000000000e+00
0.000000000000000000e+00
0.000000000000000000e+00
0.000000000000000000e+00
0.000000000000000000e+00
0.000000000000000000e+00
0.000000000000000000e+00
0.000000000000000000e+00
0.000000000000000000e+00
0.000000000000000000e+00
0.000000000000000000e+00
0.000000000000000000e+00
0.000000000000000000e+00
0.000000000000000000e+00
0.000000000000000000e+00
0.000000000000000000e+00
0.000000000000000000e+00
0.000000000000000000e+00
0.000000000000000000e+00
0.000000000000000000e+00
0.000000000000000000e+00
0.000000000000000000e+00
0.000000000000000000e+00
0.000000000000000000e+00
0.000000000000000000e+00
0.000000000000000000e+00
0.000000000000000000e+00
0.000000000000000000e+00
0.000000000000000000e+00
0.000000000000000000e+00
0.000000000000000000e+00
0.000000000000000000e+00
0.000000000000000000e+00
0.000000000000000000e+00
0.000000000000000000e+00
0.000000000000000000e+00
0.000000000000000000e+00
0.000000000000000000e+00
0.000000000000000000e+00
0.000000000000000000e+00
0.000000000000000000e+00
0.000000000000000000e+00
0.000000000000000000e+00
0.000000000000000000e+00
0.000000000000000000e+00
0.000000000000000000e+00
0.000000000000000000e+00
0.000000000000000000e+00
0.000000000000000000e+00
0.000000000000000000e+00
0.000000000000000000e+00
0.000000000000000000e+00
0.000000000000000000e+00
0.000000000000000000e+00
0.000000000000000000e+00
0.000000000000000000e+00
0.000000000000000000e+00
0.000000000000000000e+00
0.000000000000000000e+00
0.000000000000000000e+00
0.000000000000000000e+00
0.000000000000000000e+00
0.000000000000000000e+00
0.000000000000000000e+00
0.000000000000000000e+00
0.000000000000000000e+00
0.000000000000000000e+00
0.000000000000000000e+00
0.000000000000000000e+00
0.000000000000000000e+00
0.000000000000000000e+00
0.000000000000000000e+00
0.000000000000000000e+00
0.000000000000000000e+00
0.000000000000000000e+00
0.000000000000000000e+00
0.000000000000000000e+00
0.000000000000000000e+00
2.196228662057152725e+00
4.970528498234040526e+00
2.146386943478702136e+01
1.378253364017937876e+01
3.810989605386988721e+00
2.239145542272346034e+01
9.018655758879742024e+00
9.208870923445219958e+00
6.699250108551357386e+00
1.245142601732128895e+01
1.173169413039609132e+01
2.080255811278827238e+01
2.430579912352794025e+01
6.822271876048457528e+00
1.184298468953294048e+01
1.547672709779259215e+01
2.438089708002258149e+01
1.118692560025280969e+01
1.324643264668780418e+01
2.429887668807607426e+01
0.000000000000000000e+00
0.000000000000000000e+00
0.000000000000000000e+00
0.000000000000000000e+00
0.000000000000000000e+00
0.000000000000000000e+00
0.000000000000000000e+00
0.000000000000000000e+00
0.000000000000000000e+00
0.000000000000000000e+00
0.000000000000000000e+00
0.000000000000000000e+00
0.000000000000000000e+00
0.000000000000000000e+00
0.000000000000000000e+00
0.000000000000000000e+00
0.000000000000000000e+00
0.000000000000000000e+00
0.000000000000000000e+00
0.000000000000000000e+00
0.000000000000000000e+00
0.000000000000000000e+00
0.000000000000000000e+00
0.000000000000000000e+00
0.000000000000000000e+00
0.000000000000000000e+00
0.000000000000000000e+00
0.000000000000000000e+00
0.000000000000000000e+00
0.000000000000000000e+00
0.000000000000000000e+00
0.000000000000000000e+00
0.000000000000000000e+00
0.000000000000000000e+00
0.000000000000000000e+00
0.000000000000000000e+00
0.000000000000000000e+00
0.000000000000000000e+00
0.000000000000000000e+00
0.000000000000000000e+00
0.000000000000000000e+00
0.000000000000000000e+00
0.000000000000000000e+00
0.000000000000000000e+00
0.000000000000000000e+00
0.000000000000000000e+00
0.000000000000000000e+00
0.000000000000000000e+00
0.000000000000000000e+00
0.000000000000000000e+00
0.000000000000000000e+00
0.000000000000000000e+00
0.000000000000000000e+00
0.000000000000000000e+00
0.000000000000000000e+00
0.000000000000000000e+00
0.000000000000000000e+00
0.000000000000000000e+00
0.000000000000000000e+00
0.000000000000000000e+00
0.000000000000000000e+00
0.000000000000000000e+00
0.000000000000000000e+00
0.000000000000000000e+00
0.000000000000000000e+00
0.000000000000000000e+00
0.000000000000000000e+00
0.000000000000000000e+00
0.000000000000000000e+00
0.000000000000000000e+00
0.000000000000000000e+00
0.000000000000000000e+00
0.000000000000000000e+00
0.000000000000000000e+00
0.000000000000000000e+00
0.000000000000000000e+00
0.000000000000000000e+00
0.000000000000000000e+00
0.000000000000000000e+00
0.000000000000000000e+00
0.000000000000000000e+00
0.000000000000000000e+00
0.000000000000000000e+00
0.000000000000000000e+00
0.000000000000000000e+00
0.000000000000000000e+00
0.000000000000000000e+00
0.000000000000000000e+00
0.000000000000000000e+00
0.000000000000000000e+00
0.000000000000000000e+00
0.000000000000000000e+00
0.000000000000000000e+00
0.000000000000000000e+00
0.000000000000000000e+00
0.000000000000000000e+00
0.000000000000000000e+00
0.000000000000000000e+00
0.000000000000000000e+00
0.000000000000000000e+00
0.000000000000000000e+00
0.000000000000000000e+00
0.000000000000000000e+00
0.000000000000000000e+00
0.000000000000000000e+00
0.000000000000000000e+00
0.000000000000000000e+00
0.000000000000000000e+00
0.000000000000000000e+00
0.000000000000000000e+00
0.000000000000000000e+00
0.000000000000000000e+00
0.000000000000000000e+00
0.000000000000000000e+00
0.000000000000000000e+00
0.000000000000000000e+00
0.000000000000000000e+00
0.000000000000000000e+00
0.000000000000000000e+00
0.000000000000000000e+00
3.400684107019962710e+00
1.472591516468073358e+01
1.976500701033251772e+01
2.110972948250759273e+01
1.051956533051466103e+01
6.487349421496346302e+00
1.514833682152632655e+01
1.395504696108369913e+01
2.198041192780259667e+00
1.343239702856427265e+01
1.818321887585014451e+01
2.174798100229044095e+01
2.131101123803178510e+00
1.193194070983901156e+01
7.309864321371914997e+00
5.979817733088198750e+00
1.169198071228162661e+01
7.870033693750589698e+00
1.039057869253914523e+00
5.502111900980843906e+00
0.000000000000000000e+00
0.000000000000000000e+00
0.000000000000000000e+00
0.000000000000000000e+00
0.000000000000000000e+00
0.000000000000000000e+00
0.000000000000000000e+00
0.000000000000000000e+00
0.000000000000000000e+00
0.000000000000000000e+00
0.000000000000000000e+00
0.000000000000000000e+00
0.000000000000000000e+00
0.000000000000000000e+00
0.000000000000000000e+00
0.000000000000000000e+00
0.000000000000000000e+00
0.000000000000000000e+00
0.000000000000000000e+00
0.000000000000000000e+00
0.000000000000000000e+00
0.000000000000000000e+00
0.000000000000000000e+00
0.000000000000000000e+00
0.000000000000000000e+00
0.000000000000000000e+00
0.000000000000000000e+00
0.000000000000000000e+00
0.000000000000000000e+00
0.000000000000000000e+00
0.000000000000000000e+00
0.000000000000000000e+00
0.000000000000000000e+00
0.000000000000000000e+00
0.000000000000000000e+00
0.000000000000000000e+00
0.000000000000000000e+00
0.000000000000000000e+00
0.000000000000000000e+00
0.000000000000000000e+00
0.000000000000000000e+00
0.000000000000000000e+00
0.000000000000000000e+00
0.000000000000000000e+00
0.000000000000000000e+00
0.000000000000000000e+00
0.000000000000000000e+00
0.000000000000000000e+00
0.000000000000000000e+00
0.000000000000000000e+00
0.000000000000000000e+00
0.000000000000000000e+00
0.000000000000000000e+00
0.000000000000000000e+00
0.000000000000000000e+00
0.000000000000000000e+00
0.000000000000000000e+00
0.000000000000000000e+00
0.000000000000000000e+00
0.000000000000000000e+00
0.000000000000000000e+00
0.000000000000000000e+00
0.000000000000000000e+00
0.000000000000000000e+00
0.000000000000000000e+00
0.000000000000000000e+00
0.000000000000000000e+00
0.000000000000000000e+00
0.000000000000000000e+00
0.000000000000000000e+00
0.000000000000000000e+00
0.000000000000000000e+00
0.000000000000000000e+00
0.000000000000000000e+00
0.000000000000000000e+00
0.000000000000000000e+00
0.000000000000000000e+00
0.000000000000000000e+00
0.000000000000000000e+00
0.000000000000000000e+00
0.000000000000000000e+00
0.000000000000000000e+00
0.000000000000000000e+00
0.000000000000000000e+00
0.000000000000000000e+00
0.000000000000000000e+00
0.000000000000000000e+00
0.000000000000000000e+00
0.000000000000000000e+00
0.000000000000000000e+00
0.000000000000000000e+00
0.000000000000000000e+00
0.000000000000000000e+00
0.000000000000000000e+00
0.000000000000000000e+00
0.000000000000000000e+00
0.000000000000000000e+00
0.000000000000000000e+00
0.000000000000000000e+00
0.000000000000000000e+00
0.000000000000000000e+00
0.000000000000000000e+00
0.000000000000000000e+00
0.000000000000000000e+00
0.000000000000000000e+00
0.000000000000000000e+00
0.000000000000000000e+00
0.000000000000000000e+00
0.000000000000000000e+00
0.000000000000000000e+00
0.000000000000000000e+00
0.000000000000000000e+00
0.000000000000000000e+00
0.000000000000000000e+00
0.000000000000000000e+00
0.000000000000000000e+00
0.000000000000000000e+00
0.000000000000000000e+00
0.000000000000000000e+00
0.000000000000000000e+00
3.569082815467921055e+00
6.571782297552415386e+00
1.104213609001054941e+01
1.785423530841272566e+01
1.918147499411061219e+01
1.148515862915141295e+00
1.144028678772867735e+00
2.221312140273885660e+01
1.066036849004421505e+01
1.238802909293081678e+00
2.242401445477463895e+01
2.255186207172697976e+01
6.708163918939703763e+00
3.224378119893779093e+00
1.670435190589401486e+00
2.063708503021895169e+01
1.358913745941044970e+00
1.229550449209242657e+01
9.361340382572896246e+00
1.217984124247736766e+01
