1.000000000000000021e-02
1.000000000000000021e-02
1.000000000000000021e-02
1.000000000000000021e-02
1.000000000000000021e-02
1.000000000000000021e-02
1.000000000000000021e-02
1.000000000000000021e-02
1.000000000000000021e-02
1.000000000000000021e-02
1.000000000000000021e-02
1.000000000000000021e-02
1.000000000000000021e-02
1.000000000000000021e-02
1.000000000000000021e-02
1.000000000000000021e-02
1.000000000000000021e-02
1.000000000000000021e-02
1.000000000000000021e-02
1.000000000000000021e-02
5.629583896175329727e-01
4.788382038835887755e-01
3.040912148611654153e-01
8.405972461221606906e-01
-6.207215606734890478e-01
1.009354187896216892e+00
3.602684927785246849e-01
-3.088216764182076801e-01
1.080950204166652551e+00
-5.630866578195985461e-01
7.900347527496460742e-01
4.610852775905658341e-01
-3.683152647408292069e-01
-4.927665581362890013e-01
9.090646618455835437e-01
8.361785497861768945e-01
1.038052715041513085e+00
6.494416969658454164e-01
6.540433298682435392e-02
-1.698881617238914288e-01
-6.608119159079786087e-01
-6.388922013908189257e-01
2.227692397723854967e-01
-2.488977591840759729e-01
-1.421907180221665179e+00
-4.097460450641996488e-01
-2.133786141830951166e-01
-1.325474460878224292e+00
-2.638235426154418306e-01
-1.103015594553124146e+00
-5.486587345031113117e-01
-1.459628773517813727e-01
-4.825836823467826164e-01
-7.344091155268559490e-01
-4.540027113576705631e-02
2.687750902458052593e-02
-6.799153114939864295e-01
6.094706554450946001e-01
-7.762445980918837307e-01
-2.378658943718576779e-01
6.310730365984253076e+00
3.604479259686439452e+00
1.038846240358045314e+01
1.938307379866411395e+01
5.177899153949030442e+00
2.175138282415355562e+00
6.635196334878028956e+00
1.950504084697496410e+01
2.986102494140597141e+00
1.461302089120085235e+01
1.783872817230178143e+01
1.204805681911407333e+01
5.098775142435571617e+00
5.446339878787108901e+00
1.659949036711999781e+01
2.916265221473107072e+00
3.656159057054173100e+00
1.525433185887071730e+01
3.769957375530958110e+00
1.012090670355502020e+01
-4.955229280147420923e+00
5.571128408650287689e-01
-2.650520683693750601e-01
5.071380582400629500e+00
-2.639432375976974221e+00
-3.917589774763097665e+00
1.073045473198449784e+00
2.830209689886428404e+00
-1.958602735841793896e+00
-8.677724013229799471e-01
3.002075638929806889e+00
-2.264894135791253316e+00
5.290348684332434326e-01
6.276655671545376958e-01
-1.895063590411627086e+00
-5.846340691537807999e+00
-1.585135352737354397e+00
3.291502116198246064e+00
-1.855075765152605305e+00
-3.494513107434463528e+00
-4.955229280147421811e+00
5.571128408650287689e-01
-2.650520683693751156e-01
5.071380582400630388e+00
-2.639432375976973333e+00
-3.917589774763097665e+00
1.073045473198449784e+00
2.830209689886428404e+00
-1.958602735841793452e+00
-8.677724013229800581e-01
3.002075638929806889e+00
-2.264894135791253316e+00
5.290348684332434326e-01
6.276655671545376958e-01
-1.895063590411627974e+00
-5.846340691537807999e+00
-1.585135352737354397e+00
3.291502116198246064e+00
-1.855075765152604861e+00
-3.494513107434463528e+00
2.224310686464372822e+01
1.815108748639384650e+00
1.124379478546073585e+01
3.077511347756940463e+00
1.366336648849975610e+01
1.477150644501217158e+01
3.187589470599636599e+00
1.041400880593953104e+01
9.288427704075584046e+00
1.739243870520713386e+01
8.195959584501787631e+00
1.932198753806360969e+01
3.393139014513723684e+00
3.430166516756492534e+00
2.267949513555504026e+01
2.171297261288799874e+01
8.744932137158214047e+00
4.674187982122941065e+00
9.729104682794572412e+00
2.135146833519926801e+01
